80103000, 81

80010100, 80111011, 110

80000, 161, 168

80001100, 00001 01 Ρο1010010030, 5, 6

8010, 11030 (10, 111, 116

808103100 (81(1103100), 111, 111; iuxta 111.
11030013, 115, 117; 1110οο100 (10, 118

AEdgnr, king, 182

Ε3010010,11100010000 010001010011, 188

AEgelrio, 157

8110101001 01 Ρο1010010030, 182

8110010010, 182

81100110, 010000 01 0100010, 188

88010001, John (10, 79, 101, 118-118

8360, John, 001100 01, 79

Ι 83001000, 161

Aid, 10 110011 111. 00 010 101030 1010 81010300,
11

8100, 11030 000 01, 112

81000011, 11100010 (10, 120

81001, (10011101 (10, 151

810111, 11100018 (10 121

8100000100, 182

81000000, Thomu, 118

8161110110, (8100011010,81(10101111001, 8180110010,
8060111010) 118-115, 117, 119, 122, 166

810100001111. (pope) 1000001106 10 100 emperor
8100011011,1

8101001101, 0100011 01 1100010, 2; 010000 01 00-
000111, 10 5 Lucius 000 01, 112; 1100011 000
01, 151 ; 111100 010 brother, 166

8110000, 000 0111601010 1. 08

cnm. 600.

811110, 168

811103100 (81110100, 81103100, 8111113100), 82,
117, 152, 178

81010100, 58

81001018, 161

8101111100, 18, 11, 186, 187,111, 180, 186, 1881
John, the 0001100111 01, 11, 12

8011111101( king 01 Jerusalem, 8

80101100, 72 ; 07111100 (10, 1801 110011 010 000, 00.

801110, william (10, 146

Andrew, 00001 01 Ρο1010010030, 5

80310001, 25

80000οῑ11, 189

8000100, william 000 01, 159

8001010, 175

8003010001, 180

800101, 182

818010, 11100010 (10, 86 3 Thomu (10, 27, 28

8101001000, 23

8110111, 011000, 4, 6

80001111, 160,187; 0100011 01 1100000101, 2

80001, 182

8010110001, John (10, 152

8010111, 100 8011010100, 165, 168

8001100100, 11011110, 28

80100, 011 John (10, 117

8110001, 110301, 107; william (10, 171

8000011, 11113080, 88

810001, 1463 0711110111, 178, 171

811110, 07811010, 87

8101000, 120, 121

810, 182

 

