IN DEX.

Now Temple, 1683 11101010 de,obbot 01 Peter·
00100311, 20 10 1110 end3 william de, 11

Iaolhom, 1101311, 120

1101103100,162

Lon, Hugh le, 37 3 John le, 11.

laonio Vl. 01 1110000, 1 ; 111101 Franco, 1, 2, 4 3
1x. 01 1110000, goes on 0100000, 16 3 000 01
Philip, 01310000, 7

110ον0100, 00110 01, 1

1100310, Henry 00 (100110, 10, 146

11010003, 110301, 37, 102, 108,1083Willi⁸m,
144

110000, william, 113

110000, Ηο110000 00, 1013 1001010010 01, 66,
67, 101

11003, (10011103 00, 22

1100011001, 1106011 00, 37

1100103100, 23, 24, 140

1101101110,112,114,116,117

hallington, Sir (1103013 00, 147

11010003, 110301, 42, 136

11010101, John 00, 36, 37, 33, 39, 63, 69, 703
11030100, 173174

11000101, 11101001, 110

11061110, Hugh 000 01, 112

1101010311, 30011100, 111

11010100,162 ; 11001000, 127,123,129

110110, 110301, 172, 173

1001101010, 124 ’

1101ωο100132

1100001, Worin, 160

1100101, 1101101137 3 1101101, 37

11010, 00 10, 311011, 9, 132; (10011103, 72-76,
130-132, 146, 146, 146; 1110110100, 743
Ρο101,61,72-76 ; 0111011000 wile 01 Potor,
783 Peter 00001 Ρο101,76; Rnlph, 130,169

11010001,123,142,149; 1110100301,149 3 John
30100001,146;1100111000,162

Hermion, John, 1533 Philip, 28, 293 Robert,
174 3 110301, 174 ; Williun, 24

100101οΙ, 1101311173 ; 1106011, 161 3 1010100003

110110, ebbone, 1101 0101110303
cml). SOC.

193

1101110, 162;01)1)01 01 Ρο10160100311, 1, 2 3 00
11001003,061)01 01 3010160100311, 9-13, 169;
lv. pope, 79, 81, 33, 36

11011100, queen 0131031100, 0100,2

11000,00131000,11111011101100 01 11031000 0000100
101101,1; 00010010 3031000, 23 0100,3

110103, [110110003,] 73132

1100010, 31, 00101111 0110101111, 1683 1110 de·
ooendnnie, 63 (10011103 00, 41, 42, 140, 169;
(1003103 hie 000, ι’6.; 1110110100, 41, 42, 149,
160 3 31011010 00, 169

1100060111, 16, 101

1101100, 147 3 anold 00, 171

1101011001, Alexander 1110, 121

1101010110, 1110110100, 114

110110, 11030100, 130

11010, John do, 37

Mei-ton, Wolter 00, 20

Memor, 1101113 10, 67, 63 3 Rnlph 10, 37

110001030001, 66, 162-164, 132 3 John de, 40,
102, 103, 113, 129, 136

1110011011, 23

111103, 1101011, 22

11110001, John 00, 67, 68

Miller, Edword 1110, 121

Milton, (10011103 00, 23, 172 ; ’11101010 00, 172

1110101100, ’1110010037

1111111130 end 1101103, 0011000 01 0110110 10101103
10, 3, 4, 26, 29, 30

1111011016

1001111011, Simon 00, m Leioeotor3 110013 00,
17 ·

1101601110,140

1101110101, John, 164 3 11030100, 67

1103110, 3011030110, 32, 33

1100300013, 67

110000101, 1101113, 110 ; Simon, 110

11010011, william, 121

1100031010, Hugh 00, 77, 76, 793 1101110010
wile, 11.

11311000, 11030100, 161

Nem 013013, 9, 62, 63, 122, 139, 140
2 0

 

