186

851551, Alexander, 23

8515515 11153 51 Jerusalem, 2, 3 ; John 555 51,
151 ; abp. 51 0551555131

85115, Ρ5151, 107

85151151151555 55, 154

8515555555, 7

851113, 5151511155, 68

85111535, 55551 51, 55, 95, 96, 155

85155511(8515511, 85155115), 9,123,150 ; (111-
551155, 76, 77, 150 ; 115151 55, 146 ; 11155515
1515 51, 22

85155511 (8515555115, 8515115115), 31, 122, 143

85115,(1115511,122

851155, 109, 114 ; juxta Gmneford, 115, 117

851155-1155155, 115-117

85155, Stephon, 110

namt, Ralph, 10, 57,118; Simon, 57

8555153555, 11555515] 55, 112; 715115 55, 36
8551515, 115351, 123; 85351 515 son, 15.

8515, 11155515, 119, 121; william, 110
8515,15555115 511551) 51, 11

8555, 1155511 15, 36, 71 1

85551155 [Bellus Locus 115315] 116-118

85551515, 85551155, 112

8551515,138; 555115 51, 8

8511,Τ55515, binhop 51 St. 1151155, 10

8515555551, 85517, 154

8511153555, Elias 55, 35, 39, 144, 115, 119,150

85555151, 55551 51 15151555535, 4, 5, 125,169;
515551) 51 1155555151, 9

855511515<855515155,85511555, 8551151155), 37,
119, 121

85513515, 115351 (15, 151

8515555, 181

85155155, 182

8515155, 111555155, 82

85155155, 1155511 55, 55, 101

8515515, 555151, 79

851551, william de, 113

85551115, 1151115 55, 112

1151155555, 139

81551555, Hugh, 112

81355, 11535 15126, 127; 1555 515 551515.

INDEX.

81555, 555115 51,8

8153555, 85551155, 515551) 51 8111155511, 10

811555, 179

8555555151, 57

81555, 1555, 111, 117,119, 150

8155551515, 11155515, 111

851511155515555, 112

Bolax, Henry, 154

8515,180

85555515,1555, 113

85511555, abp. 51 0551515511, 15, 16

851515, 11515155, 116

85555555, william 55, 37

855155, 56ς destruction 51511115, 31

85553,115351,111

85151551515, 182

85151555 55, 111

815551, 85315515 15, 123

8111511153 (81511515, 81551515), 50, 89

8555551515, 110

8155115155, dominus 55, 58

81555182

8155155, 1155115535 william 555 51 11551]
5515.

8151555155, 179

815151515, 1155511 55, 23

8551, Adam 15, 107; 17111155 10,1‘b.

81515355, 11

815155, 85511, 152

81155, 11551] 555 51, 151; 1155511 555 51, 15.;
1751151555 om.

8111551515, 36

8115351151, (15511151 55, 172 ; 17111155 55, 172

8115311111,151

8115155151, ’1555515115 55, 171

8111551515,173

81551555, 5351115 55, 162

81555, (15511151, 71, 72

Brumpton, william 55, 68-70

8155115511, 112

85115, 115511, 120

8551153, 11535, 138

8515515 (8513515), 71111155 55, 167, 169

 

