INDEX.

6,1010100 11001 0010110110, 10,, 0100,1’0,, Ex·
chaquer 1011 01 310 yur 01010 10130, 11

111001, 11030, 21, 22, 160, 110011, 100 , 11100010,
107

1110010, 110001110, 120

8111003100, 126

1110001, 182

111000, 175

1100011,1000 000 01, 161, 000 01 11100010,160,
0000101 11010000, 6, 111301, 010000 01 11000011,
10

1100000, Ρο10100, 0101100 01 winchester, 6

1100000101, 01011000, 1000110, 2, 1101101,1”0.,11000-
0101, 0, 11001010, Walter, 108

1100111030οω, 36, 37, 11, 12, 111, 131, 138,163

1100001100, 011100, 165, 168

1100011011, brother 01 1100101100, 20

110301, tn 1010111, 100, 170, 1111101000 01, 110

1100031080, 68

110100100, 26, 57, 68, 60, 01, ’12, 05

1101110011, 111, 11030100, 08-100

110000, 126

110110110111

Runcy, 110301, 113

1100001, Andron, 117, John 010 000, 10, 011 An·
drew, 118, 011 (1001110022, 118, 110, 163,
Thomu, 163

1100000100, 1000 00, 130

11001000, 118

1101010, 1101011 00 10, 81

8011001, william 00, 10, 12, 102, 103, 118, 136
80110001), 1100011 00 1110311010, 1110110001, 10
80110010 [10 0011011100], 10110 111

80010000, 110010, 21, 22

8001010, 11001, 00, 01111100 011100000101, 0
80000010, 67

80010, 1111100001 00, 08, 00

800110 10 010000, 110

8000100, 10110, 100,1000 1110 000, 10.

800, 11100010 10, 121

8000001010, 182

8110101010, 101,108

80011001, 182

8001111010, Adam de, 168

80οο1101110,182

8001, Thomu, 122

8001010, 28, 12-17, 66, 06, 113, 161, 160,
108, 170182

8001110111,17

8001100, 17, 65, 170, 182

80111030 01 101100, 10, 01 Kory, 10. , 01 81010300,
11, 01 110100, 20, 31011100 by Parliament, 101

800,101·00001,2

8000010, Alexander 10, 122

8001, 10110 0011000101 Ρο10100100311, 157

8031010, 1110οο100 00, 100

8010001111, 1110001εο 00, 111

Seiron, 11030100, 22

8011010, 1101000100 00, 150

8001011, 102

80001100, 11030100, 127

80110001, 11100, 161

80110, 000 0180110, 122

8011010,1000 00, 161, 162

801001, 11100010, 108

800100, 11030100, 38, 30

800010010ηο, 28

8110111010 [8001010 80011010, 8001000, 80011100,
8011011010, 8000100οῙ, 1100011 00, 22, 118-
117, 119-162

8010000010, 61, 60, 70, 72

8100110011, 110, 160

8111001011, 1110110111 00, 72

810010000000, 138

8111101000, 123

80100110, 11030, 108

80011οο11, 01

80010100, 23

8010110, 0000101, 110, 111

80101, 110100, 151, Thomu 010000, 11.

8001110111οω0, 100

80011101·0111,81. 1101011, 6

8001111113, Simon 00 11001000, prior 01, 10

8003010οΙ, 110010, 111, 110, 10110, 151

801011311101-,0, 1110110100 00, 151

 

