194

1101001010, 124, 125

1100100140

11οο11010110, william 00, 126

11011110, (10011100 00, 172, 1110100011 00, 171,
172, Hugh 00, 9, 110100 de, 175, 110100 00,
010000 01 chichester, the king's 0000001101, 10,
1100011 00, 21, 65, 66, Thomas de, 23

Newcnntle-upon-Tyne, 0 place 101 exehnnging
money, 30

Now bigginge, 138

1110001000111101· 01 010100, 55, 101, ordinary 01
1000100000000 0111011000]οω0, 83, 84

1100001110, william, 124

Nogeriin, 1111001000 00, 21

1101001073

11010γο, 1110110110, 113

110το000100, hundred 01, 12, 13, 140, 142

110101000οἱ, 182

Νο1010011110,’1’000100 00, 74

Northnmpton, 17, 22, 27, 30, 33, 36, 39, 52, 58,
62, 63,102, 103, 117, 118, 124,138, 0100-
000000 01, 73, 82,183, burgenses 01, 127, 128,
00011100 00, 67, 68, [Ηο010100], 166, Simon
110 80101 11100011 01, 128

Northcher‚ 66

N 0110001001000, 124,125

11010100,οἰ0000 01, Ρο00011, 8, [Νο110111, Nor-
wikn]‚ 151; St. Willinm 01001000 10010, 2

Nottinghnm, 40 ’

1100100 [Νο001110], 1100011 00, 112

1111111000, 23, 146

00010010, 176

00010, william non 01, 159
00001000, 28

000, 168

0111111000,178 ,

01111, 1100011 d', 159, 168, 173, 174
01110111, Hugh, 175

0110110, Willinm 00001 william 10, 120
0111010, 81

000010,182, 0100001100, 167
000011, 11ιί0100001, 159

INDEX. .

00010000,113

0000001100011 00, 144

osgoteby, 42,139, 140, 169, Walter de, 107

0001010, 81. 136

0110, cardinal legate, 14

011000000, cardinal legate, 17, 23

000010 [1100010], 31, 66, 68, 120, 121, 139,
145, 158, 166—168, 175, 10010000 00, 67,
Thomas 0011111 01, 68

Overton, 22, 174, 182, 1100311110, 140, water-
11110140

Owyn, brother 01 1100101100, 20

000000, 165, 167

0111010, 54, 00001010 quit, 6, 0010010001 0010
there, 16, 01010100 made 101 0101001100 100
00000000 01 0100110 01 001010, 31

Ρο00011, 010000 01 11010100, 8

Pnpnoy, 0001001 10 100, 3, 4

Papilio, Rndulfun, 162

10100010, John 00, 24, 11101110 de,172

Ρο110, 16, 110100, 22, 11100010, 124

Ρο111001001, 00 account 01 100 marriage 01 100
king's daughter, 15, 01 01101016, 01 Lon·

don, 21, another 0010001001, 23, 000111001οη1

summoned 1ο complete 100 conquest 01 wara,
60

Passelewe, Thomas, 127

Ρο0000101, John, 113

Panton, 147, Simon 00, 152, Wnlode, 171,172

Pnumer, Henry 10, 112, 11100010 10, 55, 101,
121

Ρο011100 [011 Ρο01010], Hugh, 112

1010110, 1110 011001, 165, 168

Ρο00001, John de, 29, 40, 47, 58, 98, 100

200001, Thomas, 127, 146, 147

Ρο00101, Elim, 82

Peito, 111100 00, 111

Ρο01010110, william 01010001, 001101, 8

Ρο1000100, Walter, 112 , 1100011 010 000, n.

Pesenr, 11001010, 120

Peter, 1100100111ωο 01, 57, 1100011 000 01, 120

Peterborough, 22, 39, 68, 70, 71, 100,121-’

 

