INDEX.

1100010, Thomu, 113 3 1111110οι 010 000, 10.

110111, 11100010 00, 112, william 00, 113,
150

'rmum trove, 121

1100011101, 1101101, 100 1111130, 11

110111, 11100010, 22, 111

Tripoli, count 01, 1

1111100010

1011001, 11, 17, 139, 110, 101, 160, 100

1011010,00001,1’15

101010001, 177

1011011110, 09

1100010110, 130

1100010οφ, 101

1101113100, 177, 178

1111, 102

1100010, seo 000010

11001100, 01011000, 113

11010010, 1111110111 000 01 Thomas de, 119

1101011, 122, 123113 , Godwin (10, 173 , 1000
00, 120

1000 [0010111000] John (10, 10,12,102, 103,
118, 130

101, John (10, 36, 69-71, 1100011 00, 112

101000, 1111110000 00, 133-135

111101110,111111001 (10, 79

Virgilius, panon 01 (100110, 10

1110110, 102

1111011, 108, 107, 170

1101000, 100011 01 1010100ωο30, 131

wake, 1101001111, 23120, 127, sir 11030, 117,
John, 117

Wakefield, Peter 01, 7

1101001 [11010000 11010101] 11, 15, 17,116,
110, 100, 101, 100, 177, 182 , 01 ’1010011113-
0010, 170

110100, John 10, 87

110111031010,1101101 00, 0100000000 01 011010,

1111110011, 110

11010,103010,1

11011000, 1100011, 30 ,111111001, 113

1101101, 162 , 00001010001001,3 , 000 01 110100,
173 , 000 011101101,171 , 010000 01 (10011010,
11, 010000 01000οω1002, 010010100ορ. 01
(1001010011, 10, Francus, 162; 0181110·
010000, 00001 01 Ρο1010010030, 13, 10

1100011010, wido 00, 171

1101100, 72, 100,100,107,108,173, John (10,
23, John 000 01 John 00, 71, 30100 his 11110,
71, 12, william 00, 22,172

1100001010,11

1101001,159

110110, 110, Anastasia 0003010101, 23

110110000001, 18

1100010310,110

watervilla, 107, 11000110 00,169, Guy (10, 22,
1103111010 00, 71, 112, 119, 11’111001(10,01οο1
01 Ρο10100100311,2 , deposed, 4

110ογ0, 110οη (10, 101

11010000, 1001110000, 77, 79, 120

110100000, John de, 77

110110, Hugh 00, 0100011 01 11100010, 0, 13

1101130001,.10110 00, 72

11οω1113101( [1101000100 11010113100], 119,
121, 115,118,151, 152, 100, 100, 108, 175

11011103100,117

110010100101,10,10, 03, 51, 62, 71-73,17,
19, 00, 108, 132, 139, 0000011 01, 10, 110-
11010 1. 0100000 10010, 21 ,00001 01, 58, 09,01,
0110001 01 St„ 1101001100, 9

11001011, 1110οο100 00, 72

1100110110, (1001110110, 37

1101011113,109

1103100100, 110

1110110100, 168

111301, 1010 01, 20

1111100000, 1111110111, 01000100ορ 01 10111, 29

111100300, 110301, 110

1111110111 1.,13, 113,110, 112,108, 11.,13,51,
01 80011000, 8, 0100010000 01 (001010οη, 1,
010000 011111, 0, brother 01 11001, 11. 0100, 3,

0101001, 0001101 01 Ρο1010010030, 101, 11030

 

